   0.0000000e+00   4.4700000e-01   7.4100000e-01
   8.5000000e-01   3.2500000e-01   9.8000000e-02
   9.2900000e-01   6.9400000e-01   1.2500000e-01
   4.9400000e-01   1.8400000e-01   5.5600000e-01
   4.6600000e-01   6.7400000e-01   1.8800000e-01
   3.0100000e-01   7.4500000e-01   9.3300000e-01
   6.3500000e-01   7.8000000e-02   1.8400000e-01
   0.0000000e+00   4.4700000e-01   7.4100000e-01
   8.5000000e-01   3.2500000e-01   9.8000000e-02
   9.2900000e-01   6.9400000e-01   1.2500000e-01
   4.9400000e-01   1.8400000e-01   5.5600000e-01
   4.6600000e-01   6.7400000e-01   1.8800000e-01
   3.0100000e-01   7.4500000e-01   9.3300000e-01
   6.3500000e-01   7.8000000e-02   1.8400000e-01
   0.0000000e+00   4.4700000e-01   7.4100000e-01
   8.5000000e-01   3.2500000e-01   9.8000000e-02
   9.2900000e-01   6.9400000e-01   1.2500000e-01
   4.9400000e-01   1.8400000e-01   5.5600000e-01
   4.6600000e-01   6.7400000e-01   1.8800000e-01
   3.0100000e-01   7.4500000e-01   9.3300000e-01
   6.3500000e-01   7.8000000e-02   1.8400000e-01
   0.0000000e+00   4.4700000e-01   7.4100000e-01
   8.5000000e-01   3.2500000e-01   9.8000000e-02
   9.2900000e-01   6.9400000e-01   1.2500000e-01
   4.9400000e-01   1.8400000e-01   5.5600000e-01
   4.6600000e-01   6.7400000e-01   1.8800000e-01
   3.0100000e-01   7.4500000e-01   9.3300000e-01
   6.3500000e-01   7.8000000e-02   1.8400000e-01
   0.0000000e+00   4.4700000e-01   7.4100000e-01
   8.5000000e-01   3.2500000e-01   9.8000000e-02
   9.2900000e-01   6.9400000e-01   1.2500000e-01
   4.9400000e-01   1.8400000e-01   5.5600000e-01
   4.6600000e-01   6.7400000e-01   1.8800000e-01
   3.0100000e-01   7.4500000e-01   9.3300000e-01
   6.3500000e-01   7.8000000e-02   1.8400000e-01
   0.0000000e+00   4.4700000e-01   7.4100000e-01
   8.5000000e-01   3.2500000e-01   9.8000000e-02
   9.2900000e-01   6.9400000e-01   1.2500000e-01
   4.9400000e-01   1.8400000e-01   5.5600000e-01
   4.6600000e-01   6.7400000e-01   1.8800000e-01
   3.0100000e-01   7.4500000e-01   9.3300000e-01
   6.3500000e-01   7.8000000e-02   1.8400000e-01
   0.0000000e+00   4.4700000e-01   7.4100000e-01
   8.5000000e-01   3.2500000e-01   9.8000000e-02
   9.2900000e-01   6.9400000e-01   1.2500000e-01
   4.9400000e-01   1.8400000e-01   5.5600000e-01
   4.6600000e-01   6.7400000e-01   1.8800000e-01
   3.0100000e-01   7.4500000e-01   9.3300000e-01
   6.3500000e-01   7.8000000e-02   1.8400000e-01
   0.0000000e+00   4.4700000e-01   7.4100000e-01
   8.5000000e-01   3.2500000e-01   9.8000000e-02
   9.2900000e-01   6.9400000e-01   1.2500000e-01
   4.9400000e-01   1.8400000e-01   5.5600000e-01
   4.6600000e-01   6.7400000e-01   1.8800000e-01
   3.0100000e-01   7.4500000e-01   9.3300000e-01
   6.3500000e-01   7.8000000e-02   1.8400000e-01
   0.0000000e+00   4.4700000e-01   7.4100000e-01
   8.5000000e-01   3.2500000e-01   9.8000000e-02
   9.2900000e-01   6.9400000e-01   1.2500000e-01
   4.9400000e-01   1.8400000e-01   5.5600000e-01
   4.6600000e-01   6.7400000e-01   1.8800000e-01
   3.0100000e-01   7.4500000e-01   9.3300000e-01
   6.3500000e-01   7.8000000e-02   1.8400000e-01
   0.0000000e+00   4.4700000e-01   7.4100000e-01
